%YAML:1.0
---
model_type: PINHOLE
camera_name: camera
image_width: 640
image_height: 480
distortion_parameters:
   k1: -0.284033
   k2: 0.065642
   p1: 0.000095
   p2: 0.000677
projection_parameters:
   fx: 349.199951171875
   fy: 349.199951171875
   cx: 329.3768310546875
   cy: 245.2059326171875
