%YAML:1.0
---
model_type: PINHOLE
camera_name: camera
image_width: 1280
image_height: 720
distortion_parameters:
   k1: -0.30127716064453125
   k2: 0.08345794677734375
   p1: -0.000457763671875
   p2: -3.0517578125e-05
projection_parameters:
   fx: 698.4000244140625
   fy: 698.4000244140625
   cx: 654.7083740234375
   cy: 356.367431640625